3

2,351521775649565720303343427200 -0,157923690147842652586058424700 -0,355254471432979620305624265900 
-0,157923690147842652586058424700 9,537658970557349814003065137000 1,886755088935401491944117819900 
-0,355254471432979620305624265800 1,886755088935401491944117819800 1,424819253793085465693591438800 

9,962000000000000000000000000000 2,414000000000000000000000000000 0,938000000000001000000000000000 

-0,030371940213751228810824228200 0,975720685618805071433382956400 0,216902487083991914326667228400 
0,975720685618805071433382956400 0,076031849094287530670073079400 -0,205397910356635436385679095600 
0,216902487083991914326667228400 -0,205397910356635436385679095600 0,954340091119463698140751148600 
